center:
  x: 1.3526351067
  y: 103.70014356099999
angle: 62
